1	  89.07	  30.99	   1.47	  73.00	 177.50
2	  74.33	  31.40	  -0.39	 240.00	  43.00
3	  55.00	  31.46	   0.79	 480.00	 120.50
4	  83.56	  30.26	   0.10	 128.00	 429.50
5	  86.99	  28.26	   0.02	 433.50	  79.50
6	  78.32	  26.66	   0.84	 433.00	 242.50
7	  94.90	  33.82	  -1.45	 113.00	 142.00
8	  70.04	  25.14	  -0.62	 267.00	  95.00
9	  77.66	  26.98	   0.99	 400.00	 288.00
10	  94.55	  28.54	  -0.34	 234.50	 450.00
11	  58.94	  27.11	  -0.40	 320.00	 456.50
12	  52.48	  29.85	  -0.35	 279.50	 445.00
13	  70.53	  33.33	   0.82	  68.50	 357.00
14	  51.21	  25.83	  -0.40	 185.50	  66.00
15	  84.14	  32.23	  -0.43	 257.50	 101.00
16	  90.74	  31.07	   0.70	 446.00	 242.50
17	  43.15	  24.04	  -0.28	 266.00	 416.00
18	  88.75	  37.67	   0.80	  96.50	 267.00
19	  58.87	  21.28	   0.81	  35.00	 366.50
20	  25.91	  32.64	  -1.43	  83.50	 284.00
21	  82.00	  35.08	  -1.31	 189.50	 168.50
22	  56.57	  24.11	  -1.08	 159.00	 158.50
23	 157.39	  27.27	  -0.22	 365.50	  47.00
24	  82.13	  38.74	  -0.07	 332.00	  67.00
25	  65.73	  30.23	  -0.64	 340.00	 477.00
26	  86.19	  29.80	  -0.60	 223.00	  63.00
27	  62.58	  30.77	   0.83	 128.50	 341.00
28	  72.78	  23.80	  -0.83	 162.00	  90.00
29	  80.89	  28.52	   1.14	  76.50	 284.50
30	  60.06	  28.32	   1.43	 434.00	 289.00
31	  94.62	  27.14	  -0.32	 191.00	 450.00
32	  71.56	  37.74	  -0.80	 341.00	 450.00
33	  80.33	  32.75	   0.72	  68.00	 412.00
34	 104.87	  24.78	  -1.41	 107.00	 156.00
35	 100.32	  31.40	  -0.64	 272.00	  75.50
36	  99.03	  27.55	   0.93	 459.50	 255.50
37	  68.80	  40.06	  -0.79	 161.50	  63.50
38	 131.33	  33.24	   0.09	 139.00	 380.00
39	  66.19	  41.80	  -1.10	 145.50	 105.50
40	 101.89	  27.46	   0.24	 412.50	 153.50
41	  60.33	  29.46	  -0.99	 389.50	 391.50
42	  75.54	  24.67	   0.78	  52.50	 325.00
43	  94.77	  31.74	  -1.16	 166.00	 119.00
44	  58.03	  29.25	   0.32	 387.50	 159.00
45	  56.53	  28.28	   0.80	 138.50	 304.50
46	  83.70	  36.33	   0.24	 131.00	 465.50
47	  53.52	  32.56	   1.48	 422.50	 302.50
48	  41.63	  34.52	  -0.60	 416.50	 481.50
49	 118.81	  30.73	   0.18	 403.00	 199.00
50	  94.89	  31.02	  -0.64	 263.00	  83.00
51	  65.12	  29.84	  -0.98	 387.00	 419.50
52	  84.10	  28.64	   0.17	 368.50	 122.50
53	  43.88	  27.84	  -0.46	 189.00	  58.50
54	  73.22	  25.67	   0.89	  75.50	 326.00
55	  83.43	  31.38	  -0.16	 233.50	 444.00
56	  81.53	  29.83	  -0.99	 340.50	 424.00
57	  51.41	  23.27	   1.29	 449.00	 240.50
58	  62.36	  31.08	  -1.03	 387.50	 405.50
59	 103.24	  27.84	   1.21	 454.50	 323.50
60	 118.54	  35.50	  -1.50	  49.50	 137.50
61	  68.90	  37.14	  -1.00	  91.50	  98.00
62	  62.41	  29.59	   0.37	 460.50	  78.50
63	  45.96	  31.91	  -0.59	 349.00	 445.50
64	  77.22	  26.58	   0.41	  86.00	 431.50
65	  52.26	  34.07	   1.25	 421.00	 246.50
66	 109.83	  30.57	   1.40	 496.00	 413.00
67	  32.40	  31.56	  -1.21	  39.50	 247.50
68	  69.43	  32.14	  -1.09	 126.00	 134.00
69	  87.90	  33.93	   1.08	  86.50	 256.00
70	  92.54	  24.11	   1.53	 115.50	 142.50
71	 110.01	  31.96	   0.85	  94.00	 260.00
72	  90.96	  31.83	  -0.09	 177.00	 466.00
73	  66.08	  29.12	  -0.55	 320.00	 463.50
74	  95.58	  30.02	   0.04	 355.50	  61.00
75	  82.48	  27.14	  -1.05	 165.00	 116.00
76	 132.65	  33.24	   1.39	  24.50	 169.50
77	  96.24	  30.34	  -0.17	 200.50	 436.00
78	  66.48	  19.76	  -1.43	 394.00	 372.50
79	  43.23	  23.24	  -0.96	 386.50	 379.00
80	  77.22	  26.54	  -0.88	 198.00	 107.50
81	  93.67	  30.35	  -0.06	 366.50	 122.00
82	  64.30	  29.31	  -1.47	 115.00	 183.00
83	  60.89	  29.86	  -0.26	 240.50	  52.50
84	  23.88	  31.04	   1.21	 150.00	 344.00
85	  71.29	  29.21	   0.94	  48.50	 354.50
86	  68.71	  27.16	  -0.42	 298.50	 481.00
87	  61.30	  24.28	   0.70	 466.50	 252.50
88	  91.25	  36.01	  -0.97	 137.00	  89.00
89	 104.82	  30.67	   1.27	  43.00	 210.50
90	  22.77	  31.56	  -0.98	  61.00	 250.50
91	  98.94	  32.10	   0.32	 401.50	 154.50
92	  61.76	  30.04	   1.14	 488.00	 253.00
93	  55.37	  34.65	   1.12	 491.50	 228.50
94	 101.17	  27.56	  -0.91	 184.50	  86.00
95	 112.59	  31.70	  -0.22	 156.00	 470.50
96	  73.70	  32.98	   0.78	 430.50	 229.00
97	  66.34	  31.78	  -1.32	 102.50	 170.00
98	  76.47	  28.71	  -0.73	 152.00	  60.50
99	  38.64	  22.86	   1.17	  91.00	 319.50
100	  54.76	  43.32	  -1.18	 397.50	 390.00
101	  96.04	  36.07	   1.41	  40.50	 171.50
102	  45.56	  37.53	  -1.31	 461.00	 320.50
103	  59.46	  37.70	  -1.47	  85.50	 178.50
104	 107.68	  34.19	   0.10	 407.50	  45.00
105	  56.85	  30.02	   0.57	 473.00	  94.50
106	  35.56	  23.43	  -0.23	 301.50	 449.00
107	  46.16	  35.42	   0.65	 417.00	 151.50
108	  48.91	  31.56	  -1.34	 414.50	 347.00
109	  62.74	  28.68	   0.93	  37.50	 317.00
110	  80.94	  31.23	  -0.45	 286.00	 459.00
111	  76.38	  30.52	  -1.52	 468.50	 375.00
112	 124.63	  33.10	  -0.50	 322.50	  78.00
113	  66.98	  34.65	  -0.84	 183.00	 114.50
114	  73.92	  32.80	   1.36	  85.50	 207.50
115	 107.24	  31.69	   0.14	 390.50	 117.50
116	  77.48	  33.11	  -0.72	 124.50	  53.00
117	  77.37	  33.86	  -0.60	 335.00	 453.50
118	  70.60	  28.50	  -1.08	 120.50	 126.50
119	  97.98	  28.19	   1.33	 460.50	 312.00
120	  77.81	  24.40	   0.76	 457.50	 170.00
121	 103.09	  23.93	   1.40	 430.50	 353.50
122	  49.39	  32.72	  -1.41	 433.50	 330.50
123	  59.84	  34.13	  -0.12	 324.00	 111.00
124	 101.74	  27.02	  -1.51	 423.00	 413.50
125	  56.18	  27.99	   0.22	 199.00	 422.50
126	 101.75	  39.99	   0.28	 416.00	  82.50
127	  85.88	  34.44	   1.32	 369.50	 328.00
128	  94.99	  33.70	   1.48	 116.00	 163.00
129	  59.25	  36.43	  -0.74	 389.50	 452.00
130	  74.58	  32.40	   1.10	  34.00	 280.00
131	  79.39	  26.72	  -1.46	 418.50	 390.00
132	  76.05	  32.42	   0.36	 380.00	 106.50
133	  64.02	  30.56	  -0.24	 245.00	 406.00
134	 133.51	  29.26	   1.24	  55.00	 182.00
135	 129.92	  31.22	  -0.56	 171.50	 430.00
136	  81.99	  27.22	   1.26	  39.50	 252.00
137	  38.22	  20.01	  -1.10	  75.50	 160.50
138	  82.91	  23.10	  -1.30	 339.50	 366.50
139	  51.38	  27.12	  -1.34	 401.50	 331.00
140	  68.57	  28.13	   0.97	 456.50	 235.50
141	 113.96	  31.36	   0.41	 103.00	 414.00
142	  80.98	  26.42	   0.86	  60.00	 306.50
143	  58.29	  33.71	  -1.49	 112.50	 187.00
144	  80.00	  23.36	   0.04	 149.50	 449.00
145	  59.77	  31.12	   1.47	 105.00	 243.00
146	  96.90	  33.57	   0.99	 461.00	 267.50
147	  45.24	  30.15	   0.14	 278.50	 101.00
148	  60.33	  33.23	  -1.46	 383.50	 337.00
149	 106.34	  26.87	   1.40	  91.00	 154.50
150	  66.06	  26.84	  -0.67	 317.50	 470.50
tr